130
131
132
133
134
254
136
258
140
141
260
261
263
265
149
152
155
161
167
170
173
176
179
182
234
185
188
215
209
191
190
210
192
195
248
196
197
198
199
201
202
200
205
301
303
204
203
247
211
214
206
148
164
218
220
304
306
222
226
228
230
232
250
236
238
240
252
305
242
244
246
307
310
256
187
312
326
340
342
345
217
346
224
314
316
318
328
330
332
320
324
334
336
338
135
66
150
153
156
159
162
165
168
171
174
177
107
94
103
105
108
4
5
6
7
8
10
104
106
109
110
111
112
32
13
12
11
14
15
16
3
9
17
18
19
20
21
22
23
24
25
26
27
28
29
30
33
35
36
37
38
39
40
41
42
43
44
45
47
48
51
52
53
54
55
56
57
58
59
60
61
62
63
64
65
67
68
71
72
73
74
79
77
76
180
146
189
193
186
207
69
101
183
212
78
80
102
98
82
83
84
85
86
87
89
90
91
92
93
96
97
99
100
50
380
49
127
70
75
81
88
95
125
128
117
113
114
118
120
123
115
116
119
121
122
31
255
259
262
151
264
154
157
160
166
169
172
175
276
178
181
278
147
194
208
184
213
216
163
231
225
227
229
233
235
237
239
241
302
243
249
311
251
257
313
327
221
341
343
344
347
348
315
317
329
331
321
325
335
337
339
333
418
349
397
383
384
385
386
354
393
355
219
356
357
388
358
359
319
412
322
360
323
361
413
446
423
365
367
425
370
371
453
373
374
431
429
378
430
390
392
432
394
395
396
434
399
400
451
442
443
441
445
447
448
414
415
417
377
382
381
366
368
372
364
362
375
387
391
363
402
398
379
404
389
405
406
407
408
409
410
401
369
403
376
419
450
420
416
421
454
452
456
459
463
464
467
465
461
458
466
435
449
473
439
517
987
488
489
491
493
495
499
552
457
511
513
515
518
462
507
534
510
530
460
521
536
519
554
537
538
540
541
520
542
522
526
523
532
546
547
549
550
525
524
533
481
553
487
545
472
551
504
486
560
564
502
470
471
482
484
485
492
428
561
535
539
468
469
506
508
544
476
474
509
475
500
555
503
505
496
494
498
516
512
548
497
531
514
528
529
501
477
478
479
480
559
490
565
566
567
483
558
557
990
681
575
568
589
590
591
592
593
594
595
596
597
599
600
601
602
604
605
606
607
608
609
611
612
614
615
616
617
618
619
622
626
627
628
629
630
631
632
633
634
636
637
639
640
641
643
644
647
648
650
625
663
664
665
666
668
671
672
527
621
673
675
569
571
603
635
610
656
659
570
658
651
649
598
576
623
655
667
613
654
653
572
669
670
574
657
624
661
652
674
646
620
740
942
991
682
683
684
703
690
704
691
715
692
693
694
695
696
738
741
736
739
743
737
700
701
742
744
702
710
711
712
713
714
716
705
706
720
721
685
725
686
726
727
728
764
765
730
731
746
747
732
748
733
749
750
751
785
783
745
773
752
753
761
776
902
755
756
766
767
758
768
770
771
772
774
777
779
781
780
782
699
677
729
760
775
778
757
784
786
787
754
769
876
840
790
843
792
794
795
796
970
801
798
799
992
864
803
802
804
805
806
722
807
859
867
810
811
812
836
865
814
815
816
817
818
879
873
825
826
827
828
829
830
875
846
858
791
868
839
975
835
837
844
848
856
857
861
863
869
871
877
878
797
809
823
822
995
852
862
870
850
854
819
841
849
832
831
834
820
821
813
788
800
793
872
874
842
860
847
976
981
953
885
916
988
887
896
881
993
845
893
724
884
880
982
855
853
964
967
903
904
905
994
965
911
917
910
912
915
932
901
919
926
927
933
934
935
936
937
938
939
940
941
944
943
945
947
946
951
954
955
961
962
963
928
891
895
890
894
929
908
923
888
913
922
958
909
914
921
918
789
898
930
886
931
966
968
969
971
972
973
974
897
899
949
952
978
977
980
979
883
882
989
680
723
866
851
984
983
985
986
838
833
1062
996
997
998
999
1000
1001
1003
1004
1005
1006
1007
1008
1009
1010
1011
1012
1013
1014
1015
1016
1017
1018
1019
1020
1021
1022
1023
1024
1025
892
1026
1035
1036
1037
1038
1039
1040
1041
1042
1043
1044
1046
1053
1054
1055
1056
1057
1058
1063
1064
1065
1066
1067
1068
1069
1070
1071
1072
1073
1074
1075
1076
1077
1078
1079
1080
1081
1082
1083
1084
1085
1086
1087
1088
1089
1090
1091
1092
1093
1094
1095
1096
1097
1098
1099
1100
1101
1102
1104
1105
1106
1103
1107
1108
1109
1110
1111
1112
1113
1114
1115
1116
1117
1118
1119
1120
1121
1122
1123
1124
1125
1126
1127
1130
1131
1132
1133
1134
1135
1136
1137
1139
1142
1143
1144
1145
1146
1147
1148
1149
1150
1151
1160
1162
1167
1168
1187
1189
1190
1191
1192
1195
1172
1181
1165
1174
1153
1176
1177
1178
1158
1179
1180
1182
1183
1184
1186
1170
1188
1194
1157
1156
1155
1154
1159
1161
1171
1138
1166
1152
1169
1164
1163
1185
1173
1196
1197
1175
1198
1199
1200
1201
1202
1203
1204
1205
1206
1208
1220
1223
1230
1260
1218
1212
1213
1214
1255
1216
1215
1256
1228
1224
1258
1251
1257
1235
1225
1207
1219
1226
1227
1249
1231
1232
1234
1259
1229
1217
1236
1210
1237
1222
1238
1240
1241
1252
1211
1242
1233
1253
1243
1244
1245
1239
1246
1261
1250
1265
1266
1267
1247
1248
1209
1264
1221
1254
1270
1271
1272
1279
1280
1281
1282
1283
1273
1274
1275
1276
1277
1278
1284
1269
1312
1322
1339
1343
1344
1345
1350
1353
1354
1355
1356
1357
1358
1359
1360
1362
1363
1364
1365
1366
1373
1374
1376
1377
1379
1380
1382
1383
1384
1385
1348
1324
1387
1327
1293
1299
1302
1290
1292
1332
1291
1301
1333
1326
1303
1304
1305
1307
1311
1308
1313
1314
1310
1295
1294
1296
1300
1325
1315
1317
1319
1318
1337
1338
1347
1349
1342
1351
1298
1320
1370
1288
1335
1286
1289
1381
1372
1375
1361
1306
1336
1331
1330
1329
1367
1352
1346
1340
1341
1403
1413
1415
1418
1419
1420
1427
1428
1429
1433
1446
1447
1448
1449
1450
1454
1455
1456
1459
1458
1460
1436
1461
1462
1463
1465
1416
1466
1473
1480
1451
1487
1467
1402
1483
1475
1471
1398
1396
1430
1400
1439
1422
1432
1395
1476
1393
1390
1470
1472
1474
1388
1482
1478
1394
1442
1481
1444
1445
1443
1389
1410
1435
1431
1438
1437
1399
1401
1405
1441
1424
1440
1371
1369
1479
1408
1406
1409
1411
1412
1414
1417
1421
1423
1425
1457
1477
1397
1407
1494
1495
1498
1309
1386
1499
1504
1505
1497
1507
1509
1510
1514
1515
1268
1528
1530
1391
1392
1506
1334
1536
1535
1519
1531
1532
1517
1520
1518
1529
1525
1527
1524
1297
1464
1404
1533
1522
1511
1516
1521
1513
1512
1526
1503
1501
1502
1287
1378
1368
1285
1537
1538
1539
1540
1541
1543
1542
1544
1545
1546
1548
1549
1550
1553
1554
1555
1556
1557
1558
1560
1562
1563
1564
1565
1566
1567
1568
1570
1571
1572
1573
1574
1578
1579
1580
1581
1582
1583
1584
1585
1586
1588
1589
1593
1594
1599
1600
1601
1602
1603
1604
1605
1606
1607
1608
1609
1610
1611
1612
1613
1616
1617
1619
1640
1654
1592
1622
1623
1624
1629
1631
1552
1643
1645
1646
1648
1649
1650
1651
1655
1656
1653
1618
1620
1577
1614
1561
1635
1615
1639
1637
1559
1644
1638
1626
1621
1590
1576
1587
1598
1597
1636
1595
1628
1596
1591
1634
1627
1652
1625
1657
1658
1659
1660
1661
1662
1663
1665
1666
1569
1688
1697
1700
1713
1715
1717
1720
1730
1735
1736
1737
1738
1739
1740
1744
1747
1752
1725
1669
1664
1708
1745
1689
1705
1694
1684
1711
1723
1728
1731
1687
1743
1748
1714
1706
1751
1750
1741
1727
1734
1707
1753
1712
1690
1692
1749
1721
1667
1724
1742
1729
1746
1683
1678
1719
1680
1716
1732
1718
1722
1754
1755
1756
1757
1759
1761
1762
1765
1766
1767
1769
1770
1771
1774
1775
1776
1786
1789
1778
1796
1795
1794
1798
1799
1800
1801
1802
1804
1805
1806
1807
1808
1809
1811
1810
1780
1777
1793
1768
1812
1783
1758
1760
1575
1772
1814
1784
1781
1764
1763
1785
1803
1815
1787
1779
1791
1788
1782
1632
1709
1773
1817
1818
1819
1820
1821
1822
1823
1824
1825
1826
1827
1844
1846
1847
1830
1833
1832
1828
1831
1838
1836
1834
1835
1841
1839
1840
1842
1843
1845
1849
1850
1851
1854
1858
1859
1860
1862
1868
1880
1884
1894
1897
1875
1907
1915
1921
1927
1930
1932
1936
1882
1877
1869
1896
1886
1942
1876
1885
1889
1872
1904
1911
1913
1917
1919
1923
1925
1931
1934
1938
1940
1870
1883
1898
1892
1910
1906
1916
1914
1922
1920
1928
1926
1937
1935
1873
1941
1900
1878
1879
1881
1893
1895
1909
1929
1901
1903
1905
1888
1890
1871
1891
1887
1902
1912
1918
1933
1939
1924
1855
1863
1853
1861
1856
1848
1857
1867
1865
1866
1852
1949
1950
1957
1958
1965
1966
1973
1974
1981
1982
1983
1984
1985
1986
1987
1988
1989
1990
1991
1992
1993
1994
1995
1997
1998
2004
2005
2006
2008
2009
2010
2011
2007
2014
2015
2016
2017
2018
2019
2020
2021
2022
2024
1954
2027
2028
2029
2030
2031
2032
2033
2035
2036
1947
1948
1970
1955
1956
1978
1963
1964
1971
1972
1908
1979
1980
1975
1976
1977
1967
1969
1874
1962
2034
2003
2026
2002
2001
2000
2023
1996
1999
2025
1968
1959
1960
1961
1951
1952
1953
1943
1944
1945
1946
2037
2039
2041
2047
2045
2046
2049
2050
2051
2052
2055
2056
2057
2058
2059
2060
2061
2062
2063
2064
2065
2066
2067
2068
2069
2070
2071
2072
2073
2074
2076
2077
2078
2080
2081
2082
2083
2084
2085
2086
2087
2088
2089
2090
2091
2092
2095
2093
2094
2096
2097
2098
2099
2100
2101
2102
2103
2104
2105
2107
2108
2110
2111
2112
2114
2115
2116
2053
2120
2054
2118
2117
2119
2043
2044
2038
2048
2042
2079
2040
2106
2075
2125
2124
2126
2127
2186
2187
2137
2149
2150
2153
2152
2192
2154
2155
2156
2157
2159
2160
2161
2162
2163
2164
2165
2166
2167
2168
2169
2170
2172
2173
2174
2176
2177
2178
2181
2183
2184
2185
2188
2189
2190
2191
2204
2203
2205
2208
2141
2128
2129
2130
2131
2143
2144
1864
2146
2147
2148
2202
2145
2151
2209
2210
2211
2213
2215
2199
2217
2218
2216
2196
2197
2195
2179
2182
2194
2193
2206
2201
2175
2207
2200
2212
2214
2142
2198
2171
2113
2226
2227
2228
2229
2230
2231
2232
2233
2234
2235
2236
2237
2238
2239
2240
2241
2242
2243
2244
2245
2246
2248
2249
2250
2251
2219
2220
2222
2223
2224
2225
1829
1837
2256
2257
2258
2259
2260
2180
2276
2261
2262
2263
2264
2265
2268
2252
2270
2275
2272
2271
2274
2273
2277
2267
2279
2280
2158
2282
2283
2253
2247
2221
2291
2286
2269
2287
2278
2292
2284
2285
2288
2289
2254
2290
2293
2294
2295
2296
2297
2266
2298
2299
2300
2301
2302
2303
2304
2255
2305
2306
2307
2308
2311
2310
2312
2313
2314
2315
2316
2317
2318
2319
2320
2321
2322
2323
2324
2325
2326
2328
2327
2329
2330
2331
2332
2333
2334
2335
2336
2337
2338
2339
2340
2341
2342
2343
2345
2346
2347
2348
2349
2350
2351
2352
2353
2354
2355
2356
2358
2359
2360
2361
2362
2363
2357
2344
2364
2365
2366
2367
2368
2369
2370
2371
2372
2373
2374
2375
2449
2446
2380
2381
2382
2383
2384
2385
2386
2387
2388
2389
2390
2392
2393
2394
2395
2396
2397
2398
2399
2400
2401
2402
2403
2405
2406
2407
2408
2409
2410
2413
2414
2419
2420
2421
2422
2423
2424
2425
2426
3087
2429
2430
2431
2432
2433
2434
2435
2436
2437
2438
2439
2440
2441
2442
2443
2444
2451
2452
2453
2454
2455
2448
2457
2459
2447
2458
2378
2376
2415
2416
2379
2456
2445
2450
2460
2461
2462
2464
2465
2466
2377
2428
2468
2469
2470
2477
2480
2478
2473
2476
2475
2479
2487
2488
2489
2490
2491
2492
2493
2494
2495
2496
2497
2498
2499
2500
2501
2502
2503
2481
2482
2484
2485
2486
2483
2504
2505
2506
2507
2508
2509
2510
2511
2512
2513
2514
2515
2516
2518
2519
2520
2521
2522
2523
2524
2526
2527
2404
2528
2532
2533
2309
2534
2535
2536
2537
2538
2539
2540
2541
2542
2543
2544
2546
2547
2517
2474
2531
2471
2472
2545
2548
2552
2558
2551
2559
2562
2565
2525
2554
2566
2567
2568
2530
2555
2569
2570
2571
2572
2573
2574
2575
2576
2550
2577
2578
2557
2463
2579
2580
2529
2581
2582
2427
3089
2584
2585
2586
2587
2588
2589
2590
2591
2592
2593
2594
2595
2553
2549
2596
2597
2598
2599
2600
2603
2604
2602
2608
2609
2610
2611
2612
2613
2614
2615
2616
2618
2619
2620
2621
2623
2625
2629
2630
2631
2632
2633
2634
2635
2636
2637
2638
2639
2641
2640
2642
2646
2647
2605
2628
2606
2643
2627
2624
2601
2607
2645
2644
2617
2648
2649
2650
2651
2652
2653
2654
2656
2657
2658
2659
3090
2661
2677
2736
3093
2719
2718
2655
3099
3102
2682
2680
2684
2674
2675
2676
2679
2672
2673
2686
2687
2688
2689
2690
2691
2692
2693
2694
2695
2696
2697
2699
2700
2701
2703
2704
2705
2707
2708
2709
2711
2712
2713
2714
2716
2717
2721
2722
2723
2724
2725
2726
2727
2728
2729
2731
2732
2733
2734
2737
2738
2678
2683
2710
2706
2685
2735
2742
2743
2744
2745
2746
2747
2748
2749
2750
3091
2752
2753
2756
2759
2758
2789
2781
2807
2791
2763
3100
2765
2769
2770
2772
2774
2776
2778
2779
2785
2803
2805
2806
2809
2811
2812
2813
2814
2815
2816
2817
2818
2819
2821
2824
2826
2757
2761
2760
2762
2764
2766
2767
2771
2777
2780
2783
2790
2792
2784
2794
2793
2786
2787
2800
2795
2822
2804
2768
2797
2741
2802
2801
2798
2739
2740
2796
2773
2754
2775
2782
2823
2799
3092
2830
2831
2832
2833
3096
2835
2837
2839
2840
2842
2843
2844
2845
2846
2755
2847
2848
2788
2849
2825
2827
2828
2851
2852
2854
2855
2856
2857
2841
2858
2859
2860
2861
2864
2865
2866
2867
2869
2868
2870
2871
2872
2873
2874
2875
2829
2876
2877
2878
2880
2881
2883
2884
2885
2886
2887
2888
2889
2890
2892
2896
2895
2894
2897
2898
2899
2900
2901
2902
2903
2893
2879
2904
2905
2906
2907
2908
2882
2862
2850
2834
2853
2909
2910
2911
2912
2913
2914
2838
2987
3097
2919
2920
2924
2925
2926
2927
2928
2929
2930
2931
2932
2933
2934
2935
2936
2937
2938
2939
2940
2941
2942
2950
2951
2952
2953
2954
2961
2955
2956
2957
2958
2960
2966
2962
2963
2964
2965
2967
2968
2969
2970
2971
2972
2973
2974
2975
2976
2977
2978
2979
2980
2981
2982
2983
2984
2985
2988
2990
2991
2993
2994
2995
3000
2863
2996
2999
3001
3002
3004
3005
3006
2989
2998
2986
2997
3039
3042
3041
3009
3010
3011
3007
3012
3040
3013
3014
3015
3156
3016
3017
3018
3019
3020
3021
3022
3023
3024
3025
3026
2992
3094
3029
3032
3033
3034
3035
3036
3037
3038
3101
3043
3044
3045
3046
3047
3048
3049
3050
3105
3052
3053
3054
3055
3056
3057
3058
3059
3060
3061
3062
3106
3063
3064
3065
3066
3067
3068
3069
3070
3071
3072
3073
3074
3075
3076
3077
3078
3079
3081
3082
3083
3084
3085
3086
3027
3031
3107
3104
3098
3108
3115
3118
3121
3122
3129
3130
3132
3137
3139
3141
3144
3145
3149
3150
3030
3154
3157
3158
3159
3160
3161
3162
3163
3165
3166
3167
3168
3169
3170
3171
3172
3173
3174
3175
3177
3088
3182
3183
3184
2702
3186
3187
3188
3189
3190
3191
3192
3193
3194
3195
3196
3197
3142
3176
3110
3119
3153
3181
3125
3126
3180
3179
3178
3133
3134
3135
3123
3148
3128
3116
3113
3140
3143
3131
3109
3114
3138
3112
3124
3198
3199
3200
3201
3203
3206
3207
3208
3211
3212
3213
3217
3219
3220
3221
3222
3147
3215
3202
3223
3224
3225
3226
3227
3228
3229
3230
3231
3232
3233
3235
3236
3237
3238
3239
3240
3241
3246
3247
3249
3250
3251
3252
3253
3254
3255
3256
3257
3258
3261
3264
3265
3266
3267
3268
3269
3270
3271
3272
3273
3274
3275
3276
3277
3278
3279
3281
3282
3283
3284
3287
3288
3289
3290
3291
3292
3260
3209
3205
3210
3214
3216
3218
3293
3294
3295
3297
3304
3164
3305
3306
3307
3308
3309
3310
3311
3312
3313
3314
3315
3316
3317
3318
3296
3263
3262
3319
3320
3321
3322
3324
3325
3326
3327
3328
3329
3332
3333
3334
3336
3340
3341
3342
3343
3344
3345
3346
3347
3348
3349
3350
3351
3353
3354
3355
3356
3357
3358
3359
3360
3362
3301
3364
3365
3366
3367
3368
3369
3370
3371
3372
3302
3299
3300
3374
3378
3323
3303
3298
3385
3387
3388
3389
3392
3393
3395
3396
3397
3398
3399
3400
3401
3028
2810
2891
3402
3003
3404
3405
3406
3407
3408
3409
3410
3411
3412
3136
3403
3338
3337
3335
3339
3361
3103
3185
3391
3152
3155
3095
3127
3120
3413
3415
3414
3416
3417
3419
3420
3421
3422
3352
3423
3424
3425
3234
3204
3390
3111
3151
3426
3429
3430
3431
3432
3433
3434
3435
3437
3438
3443
3444
3447
3448
3449
3450
4722
3452
3453
3454
3463
3464
3465
3466
3467
3468
3469
3470
3471
3472
3473
3474
3475
3476
3477
3478
3479
3480
3482
3483
3428
3436
3440
3441
3442
3445
3446
3439
3484
3485
3486
3487
3488
3489
3490
3491
3455
3457
3456
3459
3462
3451
3461
3492
3493
3494
3495
3497
3498
3499
3500
3502
3503
3504
3505
3512
3513
3514
3517
3518
3519
3520
3521
3522
3523
3524
3525
3528
3530
3531
3532
3533
3534
3563
3516
3540
3543
3544
3545
3546
3547
3548
3549
3550
3555
3556
3527
3557
3515
3551
3558
3561
3562
3566
3567
3568
3569
3570
3572
3573
3574
3575
3576
3577
3578
3579
3580
3511
3538
3552
3554
3571
3501
3539
3506
3541
3535
3508
3564
3507
3565
3553
3581
3582
3583
3584
3585
3586
3589
3590
3591
3592
3593
3594
3536
3526
3542
3595
3596
3597
3598
3599
3600
3601
3602
3603
3604
3605
3606
3607
3608
3609
3611
3612
3613
3614
3615
3616
3662
3623
3618
3619
3620
3621
3622
3624
3625
3626
3663
3628
3629
3630
3631
3632
3633
3634
3635
3636
3637
3638
3639
3640
3641
3642
3643
3644
3646
3647
3648
3649
3650
3651
3652
3653
3654
3655
3656
3657
3658
3659
3660
3661
3664
3665
3666
3669
3670
3674
3671
3673
3668
3675
3645
3627
3610
4723
3617
3676
3677
3678
3679
3680
3681
3683
3682
3684
3685
3686
3687
3688
3588
3689
3690
3691
3692
3695
3696
3698
3667
3697
3699
3703
3704
3716
3702
3672
3706
3707
3708
3710
3711
3712
3713
3714
3715
3717
3718
3719
3720
3721
3722
3723
3724
3725
3726
3727
3728
3729
3730
3731
3732
3733
3734
3735
3736
3737
3738
3739
3740
3741
3742
3743
3709
3705
3744
3745
3746
3747
3748
3749
3750
3751
3753
3754
3757
3694
3693
3759
3760
3761
3762
3758
3752
3756
3700
3701
3763
4724
3765
3766
3767
3769
3810
3780
3781
3782
3784
3785
3811
3802
3813
3790
3789
3788
3787
3831
3815
3779
3818
3832
3774
3833
3768
3834
3771
3778
3783
3786
3797
3798
3481
3800
3801
3847
3803
3804
3805
3806
3807
3799
3808
3817
3821
3775
3770
3773
3809
3823
3824
3825
3826
3827
3828
3829
3830
3835
3836
4725
3819
3841
3842
3843
3845
3846
3816
3814
3812
3822
3850
3851
3776
3838
3777
3837
3496
4728
3853
3839
3855
3856
3858
3859
3860
3861
3862
3863
3864
3844
3840
3852
3854
3849
3865
4726
3868
3867
3870
3857
3939
3869
3872
3460
3458
3537
3873
3874
3875
3876
3878
3879
3880
3881
3882
3883
3884
3885
3886
3887
3888
3889
3893
3894
3895
3896
3898
3899
3900
3901
3903
3904
3905
3906
3907
3908
3909
3910
3911
3912
3916
3917
3918
3919
3920
3921
3922
3923
3924
3925
3926
3927
3928
3929
3930
3931
3932
3933
3934
3935
3936
3937
3938
3940
3942
3943
3944
3945
3948
3949
3950
3951
3952
3946
3915
3866
3877
3913
3914
3941
3892
3891
3890
3902
3897
3953
3954
3955
3956
3957
3958
3959
3960
3961
3962
4727
3964
3965
3966
3967
3968
3969
3970
3971
3972
3973
3974
3975
3976
3977
3978
3979
3980
3981
3983
3984
3985
3986
3987
3988
3989
3990
3991
3992
3993
3994
3995
3996
3997
3998
3999
4000
4001
4002
4003
4004
4005
4006
4007
4008
4009
4010
4011
4012
4013
4014
4016
4017
4018
4019
4020
4021
4022
4023
4024
4025
4026
4027
4029
4030
4031
4032
4033
4035
4036
4037
4038
4039
4040
4041
4042
4043
4028
4034
4015
3982
4045
4046
4048
4049
4050
4051
4052
4053
4054
4055
4056
4057
4058
4059
4060
4061
4062
4063
4064
4065
4066
4067
4068
4069
4070
4071
4072
4073
4074
4075
4076
4077
4741
4080
4081
4082
4083
4084
4085
4086
4087
4748
4089
4090
4091
4092
4093
4094
4095
4096
4097
4098
4100
4101
4102
4103
4104
4105
4106
4107
4108
4110
4112
4113
4114
4115
4116
4117
4118
4119
4120
4122
4124
4125
4126
4127
4128
4129
4130
4131
4078
4121
4123
4088
4099
4044
4111
4132
4133
4135
4136
4137
4139
4140
4141
3871
4151
4152
4153
4154
4144
4145
4146
4147
4149
4148
4150
4143
4142
4155
4156
4158
4159
4160
4161
4162
4163
4164
4165
4166
4167
4047
4168
4157
4169
4171
4172
4173
4174
4175
4176
4177
4178
4180
4181
4182
3764
4184
4185
4187
4188
4189
4190
4191
4192
4193
4194
4195
4196
4197
4198
4199
4134
4170
4200
4201
4202
4203
3587
4205
4138
4210
4209
4211
4214
4215
4216
4212
4206
4213
4217
4219
4222
4223
4224
4225
4226
4227
4229
4230
4231
4232
4233
4234
4235
4236
4237
4238
4239
4240
4241
4242
4243
4246
4298
4262
4282
4252
4245
4244
4274
4316
4260
4278
4273
4297
4301
4249
4228
4317
4276
4280
4285
4251
4255
4309
4302
4267
4319
4292
4271
4247
4256
4268
4253
4248
4277
4315
4284
4254
4322
4287
4270
4314
4294
4261
4266
4250
4281
4286
4296
4258
4313
4291
4275
4259
4288
4290
4263
4312
4264
4265
4257
4283
4310
4306
4308
4295
4299
4304
4300
4279
4307
4311
4293
4289
4392
4367
4368
4372
4373
4375
4377
4378
4379
4380
4382
4383
4384
4385
4386
4355
4334
4325
4332
4398
4345
4410
4365
4390
4415
4408
4363
4364
4381
4413
4409
4338
4411
4346
4407
4374
4397
4327
4395
4324
4402
4357
4371
4341
4387
4412
4318
4366
4388
4369
4352
4391
4328
4337
4362
4389
4361
4323
4400
4401
4399
4404
4343
4326
4396
4394
4344
4403
4351
4350
4321
4353
4330
4333
4342
4356
4349
4393
4370
4376
4358
4406
4335
4360
4359
4347
4340
4405
4354
4348
4329
4444
4461
4450
4416
4736
4438
4430
4419
4420
4737
4441
4429
4425
4481
4443
4446
4482
4449
4745
4460
4462
4464
4465
4466
4467
4468
4469
4470
4471
4472
4473
4478
4479
4480
4490
4452
4476
4451
4493
4423
4498
4458
4497
4499
4463
4501
4502
4320
4453
4488
4489
4485
4487
4484
4483
4459
4500
4486
4445
4437
4428
4477
4495
4492
4456
4494
4491
4422
4448
4418
4496
4442
4457
4433
4440
4427
4432
4424
4439
4421
4447
4435
4426
4417
4454
4738
4742
4746
4749
4510
4511
4512
4513
4514
4515
4516
4751
4518
4732
4733
4554
4523
4524
4525
4526
4792
4793
4545
4546
4547
4548
4549
4550
4551
4552
4553
4557
4506
4535
4534
4536
4537
4539
4504
4541
4540
4542
4507
4555
4543
4508
4509
4528
4529
4503
4559
4560
4570
4561
4565
4579
4568
4573
4571
4564
4574
4576
4538
4577
4580
4581
4582
4583
4584
4585
4586
4587
4588
4567
4562
4544
4556
4521
4520
4531
4517
4505
4558
4455
4530
4638
4637
4739
4743
4734
4597
4642
4645
4591
4592
4593
4654
4660
4661
4662
4663
4664
4665
4666
4667
4676
4650
4651
4652
4649
4590
4646
4647
4648
4594
4595
4655
4598
4599
4601
4602
4603
4604
4605
4606
4607
4608
4589
4656
4657
4658
4659
4669
4670
4671
4672
4618
4617
4631
4632
4633
4634
4635
4627
4628
4629
4630
4623
4624
4625
4626
4613
4614
4619
4620
4621
4615
4616
4611
4600
4673
4612
4677
4675
4653
4639
4640
4644
4674
4643
4740
4744
4685
4686
4687
4688
4636
4622
4689
4690
4691
4692
4693
4747
4694
4695
4697
4698
4699
4750
4701
4702
4752
4729
4753
4754
4707
4757
4758
4710
4711
4706
4759
4713
4714
4712
4715
4760
4716
4717
4761
4719
4718
4720
4721
4305
4414
4682
4681
4684
4680
4696
4683
4678
4336
4708
4709
4704
4703
4763
4764
4766
4767
4771
4774
4775
4779
4780
4783
4784
4785
4786
4787
4788
4777
4772
4765
4781
4782
4762
4776
4773
4768
4769
4770
4790
4735
4778
4794
4795
4796
4798
4799
4802
4803
4806
4808
4809
4810
4811
4812
4813
4814
4815
4816
4817
4821
4822
4824
4826
4829
4831
4832
4834
4837
4838
4840
4841
4842
4843
4846
4847
4849
4852
4854
4856
4858
4859
4860
4861
4862
4863
4865
4866
4867
4868
4870
4871
4872
4873
4874
4875
4878
4879
4880
4881
4882
4884
4885
4886
4857
4797
4845
4844
4877
4848
4823
4883
4855
4830
4801
4827
4807
4804
4869
4805
4833
4876
4819
4853
4825
4850
4888
4890
4891
4892
4894
4895
4896
4897
4898
4902
4904
4907
4909
4911
4912
4915
4918
4920
4921
4923
4924
4925
4926
4927
4928
4929
4930
4931
4932
4933
4934
4935
4941
4942
4943
4944
4945
4946
4948
4949
4950
4951
4952
4953
4954
4955
4956
4957
4958
4959
4960
4961
4962
4963
4964
4965
4966
4967
4971
4972
4973
4974
4975
4901
4893
4887
4900
4906
4908
4889
4947
4916
4976
4977
4979
4980
4982
4984
4985
4986
4988
4989
4990
4991
4992
4993
4994
4995
4996
4997
4999
5002
5004
5005
5006
5007
5008
5009
5010
5011
5012
5013
5014
5015
5016
5018
5021
5022
5023
4899
5026
5027
5028
5030
5031
4756
5032
5033
4864
5034
5035
5036
5037
5038
5039
5040
5041
5042
5043
5044
5045
5046
5047
5048
5049
5050
5051
5052
5053
5054
5055
5056
5058
5059
5060
5061
5062
5024
5025
5000
5020
5029
4987
4978
5057
5063
5064
5065
5066
5067
5068
5069
5070
5071
5072
5073
5074
5075
5076
5077
5078
5079
5080
5081
5082
5083
5084
5086
5087
5089
5090
5131
5088
4791
5091
5093
5094
5095
5096
5100
5101
5102
5103
5104
5105
5106
5108
5109
5097
5098
5099
5092
5085
5110
4730
5111
5112
5113
5114
4731
5116
5115
5117
5118
5119
5120
5121
5122
5123
5124
5125
5126
5127
5132
5138
5140
5143
5144
5145
5146
5149
5150
5137
5107
5134
5128
5130
5129
5135
5139
5147
5136
5148
5151
5156
5157
5158
5159
5160
5161
5169
5170
5171
5172
5173
5174
5176
5177
5178
5179
5180
5183
5185
5186
5187
5188
5189
5191
5192
5197
5198
5200
5201
5202
5203
5204
5205
5206
5207
5208
5209
5210
5215
5216
5217
5218
5220
5221
5222
5223
5224
5225
5226
5227
5228
5230
5231
5233
5237
5238
5154
5193
5182
5232
5153
5194
5234
5190
5236
5211
5163
5213
5181
5184
5219
5152
5196
5175
5195
5162
5214
5239
5240
5241
5244
5245
5246
5247
5250
5255
5258
5259
5266
5275
5278
5279
5285
5288
5290
5299
5300
5301
5304
5309
5310
5319
5320
5322
5323
5328
5292
5307
5314
5312
5318
5311
5313
5252
5253
5242
5243
5251
5305
5306
5260
5327
5308
5332
5256
5263
5264
5265
5270
5291
5271
5272
5273
5274
5284
5286
5287
5302
5297
5268
5295
5329
5281
5326
5325
5280
5261
5321
5289
5293
5283
5262
5317
5316
5315
5303
5269
5324
5276
5248
5366
5367
5368
5369
5370
5371
5372
5373
5374
5375
5376
5379
5380
5381
5382
5383
5384
5385
5386
5387
5388
5389
5390
5391
5392
5393
5394
5395
5396
5397
5398
5399
5400
5401
5402
5403
5404
5405
5406
5407
5408
5409
5410
5411
5412
5413
5414
5415
5416
5417
5418
5419
5420
5421
5422
5423
5339
5333
5341
5362
5337
5355
5335
5345
5334
5336
5343
5342
5361
5353
5356
5354
5378
5357
5358
5359
5360
5363
5364
5365
5346
5340
5424
5436
5441
5504
5442
5439
5440
5446
5447
5457
5142
5461
5462
5463
5464
5465
5466
5467
5468
5469
5470
5471
5472
5473
5474
5475
5476
5477
5478
5479
5480
5450
5452
5437
5455
5459
5449
5495
5497
5498
5499
5501
5502
5506
5511
5512
5515
5516
5517
5456
5429
5427
5431
5432
5430
5435
5492
5433
5451
5493
5500
5491
5496
5507
5377
5483
5513
5514
5509
5510
5508
5505
5454
5490
5488
5489
5426
5486
5443
5444
5445
5448
5482
5518
5519
5520
5521
5522
5523
5524
5525
5526
5527
5528
5530
5531
5532
5533
5534
5535
5537
5538
5542
5133
5541
5545
5434
5546
5548
5549
5550
5551
5553
5554
5555
5556
5352
5557
5552
5558
5282
5559
5561
5562
5563
5564
5566
5567
5568
5569
5570
5571
5572
5574
5575
5576
5577
5578
5579
5580
5494
5581
5582
5583
5584
5585
5586
5587
5588
5560
5589
5590
5591
5592
5593
5547
5539
5487
5294
5484
5565
5540
5544
5485
5594
5595
5596
5665
5656
5597
5598
5657
5601
5602
5603
5604
5607
5608
5609
5610
5611
5613
5614
5615
5616
5503
5619
5620
5667
5634
5606
5617
5659
5254
5629
5630
5631
5632
5296
5633
5622
5627
5624
5650
5626
5628
5647
5536
5648
5649
5651
5600
5652
5653
5654
5655
5661
5662
5663
5637
5612
5664
5635
5639
5638
5621
5625
5623
5666
5618
5640
5641
5642
5643
5644
5645
5646
5599
5668
5669
5670
5671
5672
5674
5675
5676
5636
5677
5678
5679
5680
5681
5682
5683
5684
5685
5686
5688
5689
5690
5692
5693
5694
5695
5696
5698
5699
5700
5701
5702
5703
5704
5705
5706
5707
5708
5709
5711
5712
5713
5717
5718
5719
5724
5725
5726
5727
5728
5729
5731
5734
5735
5736
5737
5738
5739
5733
5732
5740
5742
5743
5744
5745
5746
5747
5748
5749
5605
5757
5765
5766
5767
5768
5769
5770
5771
5773
5772
5752
5751
5753
5754
5756
5758
5759
5755
5761
5762
5760
5763
5764
5730
5720
5721
5722
5697
5774
5775
5776
5777
5778
5779
5781
5782
5783
5784
5785
5786
5787
5790
5791
5792
5795
5796
5797
5798
5801
5802
5803
5804
5805
5806
5807
5808
5788
5789
5793
5794
5799
5800
5809
5810
5811
5812
5813
5814
5815
5816
5817
5818
5820
5821
5822
5823
5824
5825
5826
5827
5828
5829
5830
5831
5832
5833
5834
5835
5836
5837
5838
5839
5840
5841
5842
5843
5844
5845
5846
5847
5848
5849
5850
5851
5852
5853
5854
5855
5856
5860
5861
5862
5864
5865
5866
5868
5871
5872
5873
5874
5875
5877
5878
5880
5881
5882
5883
5884
5885
5886
5887
5888
5889
5890
5891
5892
5893
5894
5895
5896
5897
5898
5899
5900
5901
5902
5903
5904
5905
5906
5907
5908
5909
5910
5911
5912
5913
5914
5916
5917
5918
5920
5921
5922
5923
5924
5925
5926
5927
5928
5929
5930
5931
5932
5933
5935
5936
5937
5938
5939
5940
5941
5942
5943
5944
5945
5946
5947
5948
5949
5950
5869
5870
5879
5876
5867
5951
5954
5953
5952
5983
5984
6023
6024
5960
5985
5986
5987
5988
5976
5981
5989
5990
5993
5965
5980
5974
5973
6003
5970
6005
6007
6006
6009
6010
6011
6012
6013
6014
6015
6016
6017
6018
6019
6020
6021
6022
6025
6026
6027
6028
6029
6030
6032
6033
5992
5971
5741
6034
6035
6036
5995
6037
5998
6038
6039
5994
5996
5997
6040
6041
6008
5991
5966
6042
5978
6043
5979
5958
5969
5967
5968
5964
5962
5982
5963
5977
6031
5961
6044
6045
6046
6047
6048
6049
6050
6051
6052
6053
6054
6055
6056
6057
6058
6059
6002
6004
5975
5956
6060
6061
6062
6063
6064
6065
6105
6104
6106
6103
6101
6107
6108
6109
6134
6136
6138
6139
6094
6095
6141
6142
6144
6145
6146
6147
6152
6151
6148
6073
6072
6074
6082
6085
6086
6126
6132
6117
6080
6092
6150
6078
6088
6129
6120
6122
6118
6125
6127
6113
6071
6068
6069
6075
6079
6115
6131
6119
6081
6123
6066
6067
6116
6110
6102
6098
6097
6124
6133
6093
6114
6077
6087
6137
6140
6084
6143
6156
5660
6245
6246
6174
6173
6172
6179
6175
6180
6178
6182
6183
6184
6187
6191
6208
6211
6241
6199
6158
6236
6186
6229
6167
6157
6205
6243
6231
6217
6171
6160
6207
6159
6244
6239
6237
6165
6188
6220
6163
6161
6238
6240
6242
6192
6223
6155
6154
6195
6233
6193
6181
6234
6203
6230
6201
6198
6153
6200
6170
6168
6169
6194
6214
6177
6164
6166
6221
6190
6222
6227
6189
6252
6251
6249
6247
6248
6250
5957
5710
5972
6253
6261
6264
6262
6266
6263
6265
6267
6268
6270
6271
6272
6275
6277
6280
6284
6285
6286
6295
6300
6301
6302
6305
6306
6307
6308
6309
6312
6313
6316
6331
6254
6255
6282
6304
6303
6274
6281
6296
6314
6287
6299
6315
6256
6257
6258
6273
6269
6321
6290
6289
6278
6327
6288
6360
6361
6362
6379
6380
6381
6384
6386
6387
6388
6389
6394
6412
6413
6414
6406
6415
6416
6417
6410
6418
6420
6421
6422
6423
6382
6398
6397
6399
6400
6402
6403
6404
6405
6407
6334
6377
6363
6326
6378
6367
6374
6333
6357
6370
6401
6358
6359
6391
6392
6346
6396
6371
6365
6375
6411
6369
6368
6372
6373
6364
6376
6366
6096
6185
6076
6083
6432
6408
6393
6434
6409
6435
6419
6436
6442
6444
6445
6446
6447
6448
6449
6451
6452
6454
6455
6461
6462
6463
6465
6466
6467
6468
6472
6473
6474
6475
6476
6477
6478
6480
6484
6485
6486
6487
6490
6492
6493
6496
6424
6425
6427
6428
6429
6430
6497
6498
6426
6441
6440
6491
6456
6070
6433
6228
6489
6494
6459
6235
6162
6488
6438
6495
6197
6470
6176
6482
6453
6458
6469
6479
6481
6483
6439
6460
6121
6499
6501
6502
6503
6504
6506
6507
6508
6509
6511
6513
6515
6516
6517
6518
6519
6520
6523
6524
6525
6526
6527
6530
6529
6528
6505
6531
6532
6533
6534
6535
6536
6537
6538
6539
6540
6541
6542
6543
6544
6545
6546
6547
6548
6550
6549
6551
6552
6553
6554
6555
6556
6557
6558
6510
6512
6514
6559
6560
6561
6562
6563
6564
6565
6566
6567
6568
6572
6576
6573
6521
6522
6578
6579
6581
6584
6586
6580
6577
6585
6588
6587
6583
6571
6570
6589
6593
6594
6595
6596
6597
6598
6600
6602
6605
6610
6611
6612
6614
6615
6617
6619
6620
6621
6622
6624
6630
6634
6625
6629
6628
6636
6627
6639
6640
6641
6642
6643
6644
6645
6646
6647
6648
6649
6650
6653
6618
6609
6591
6681
6613
6654
6680
6658
6659
6673
6661
6662
6663
6664
6665
6633
6660
6672
6674
6601
6604
6616
6671
6657
6656
6652
6631
6626
6635
6638
6637
6677
6666
6632
6669
6678
6668
6676
6675
6670
6655
6623
6682
6683
6684
6685
6686
6687
6688
6689
6690
6691
6692
6694
6695
6696
6651
6697
6698
6699
6700
6701
6704
6705
6706
6707
6708
6709
6710
6712
6713
6714
6715
6716
6703
6693
6679
6667
6717
6718
6719
5344
6740
6770
6766
6728
6727
6772
6757
6759
6733
6756
6729
6762
6751
6771
6758
6764
6765
6760
6739
6745
6742
6752
6748
6723
6768
6724
6738
6749
6753
6746
6726
6767
6725
6744
6747
6722
6763
6730
6755
6734
6769
6711
6735
6826
6801
6732
6737
6773
6789
6780
6817
6822
6820
6818
6774
6782
6776
6775
6825
6805
6806
6736
6791
6800
6807
6790
6824
6794
6798
6795
6793
6787
6797
6815
6754
6785
6816
6779
6814
6778
6786
6802
6804
6810
6777
6788
6783
6809
6781
6803
6792
6808
6796
6743
6823
6819
6821
6784
6761
6811
6827
6828
6829
6830
6831
6832
6833
6834
6835
6836
6837
6838
6839
6842
6845
6846
6847
6848
6849
6850
6851
6852
6853
6854
6855
6840
6841
6844
6856
6857
6858
6859
6860
6861
6862
6863
6864
6865
6866
6867
6868
6869
6870
6871
6872
6873
6874
6875
6877
6879
6880
6881
6882
6883
6884
6885
6886
6887
6888
6889
6890
6891
6895
6901
6911
6914
6919
6920
6921
6922
6923
6924
6925
6926
6927
6928
6930
6931
6932
6933
6934
6935
6936
6893
6894
6900
6905
6907
6909
6908
6910
6912
6902
6896
6898
6917
6918
6938
6937
6915
6939
6940
6941
6942
6943
6944
6945
6946
6947
6929
6878
6954
6955
6956
6959
6962
6963
6964
6966
7014
7015
7016
7017
7018
7019
7021
7022
7023
7024
7025
7028
7020
7029
7030
7031
7032
7033
7034
7035
7036
7037
6957
6992
6982
7026
7027
6843
7038
7039
7040
7041
7042
7043
7044
7045
7046
7047
7048
7049
7050
7051
7052
7053
7054
7055
7056
7057
7058
7059
7060
7061
7062
7063
7064
7065
7066
7067
7068
7069
7070
7071
7072
7073
7074
7075
7076
7077
7078
7079
7080
7081
7082
7083
7084
7085
7087
7088
7089
7090
7091
7092
7093
7094
7095
7096
7097
7098
7099
7100
7101
7102
7103
7104
7105
7106
7107
7108
7109
7110
7111
7112
7113
7114
7115
7116
7118
7119
7120
7121
7122
7123
7117
7124
7125
7126
7127
7128
7129
7130
7131
7132
7133
7134
7135
7136
7137
7138
7139
7140
7141
7142
7143
7144
7145
7146
7147
7148
7149
7150
7151
7152
7153
7154
7155
7156
7157
7158
7159
7160
7161
7162
7163
7164
7165
7166
7168
7169
7170
7171
7172
7173
7174
7175
7176
7177
7178
7179
7180
7181
7182
7183
7184
7185
7186
7187
7188
7191
7192
7193
7194
7195
7196
7197
7198
7199
7200
7201
7203
7204
7205
7206
7207
7208
7209
7210
7211
7212
7213
7214
7190
7189
7215
7216
7217
7218
7219
7221
7223
7224
7225
7227
7228
7230
7231
7232
7233
7234
7235
7236
7237
7238
7239
7240
7241
7242
7243
7244
7245
7246
7247
7248
7249
7250
7251
7252
7253
7254
7255
7256
7257
7258
7259
7261
7262
7263
7264
7265
7266
7267
7268
7269
7270
7271
7272
7273
7274
7275
7276
7277
7278
7279
7280
7281
7282
7283
7284
7285
7286
7287
7288
7289
7290
7291
7292
7293
7294
7296
7297
7298
7299
7300
7301
7302
7303
7304
7305
7306
7307
7308
7309
7310
7311
7312
7313
7314
7315
7316
7317
7318
7319
7320
7321
7322
7323
7324
7325
7326
7327
7260
7328
7329
7330
7332
7333
7334
7335
7336
7337
7338
7339