55
38
33
42
33
212
64
214
55
203
494
495
116
117
66
66
112
161
204
204
204
282
312
338
70
203
72
205
205
72
72
205
72
72
208
68
68
203
203
203
203
203
348
114
203
410
410
208
309
309
491
68
202
1
2
309
450
67
281
436
202
218
313
203
384
340
313
215
206
206
215
215
68
212
162
1
1
2
2
214
70
70
68
1
1
1
2
2
2
1
1
2
2
2
38
61
66
73
113
159
163
202
204
204
204
312
18
41
25
26
26
1
1
1
1
1
1
35
29
29
31
33
33
1
1
1
1
1
1
1
1
1
2
2
2
2
2
2
2
2
2
2
2
2
2
2
1
1
1
1
1
2
2
2
2
2
2
2
56
57
60
61
62
64
65
69
71
74
55
105
59
65
59
71
74
69
60
18
19
20
21
27
24
23
312
67
72
72
203
492
16
52
410
309
25
32
32
32
35
37
39
40
42
44
48
49
51
53
54
45
46
50
50
59
597
58
58
17
22
34
47
43
43
50
24
32
34
42
45
52
31
31
33
36
38
1
212
214
496
66
115
73
114
160
202
204
204
282
76
312
338
80
67
72
493
410
309
205
202
202
73
263
436
218
203
339
410
206
114
206
208
68
313
212
1
1
2
2
2
72
491
492
1
1
2
2
1
1
2
2
2
2
574
493
607
598
599
599
600
1
604
2
1
450
70
601
208
215
1
605
1
215
1
572
606
67
77
590
591
77
592
576
78
593
594
114
210
596
214
602
603
120
585
605
606
119
609
610
166
205
205
66
491
67
76
587
587
589
579
581
580
574
575
577
573
572
578
583
584
572
586
585
579
592
583
599
595
594
596
598
601
578
575
586
595
383
500
585
588
576
78
70
504
208
499
499
315
545
546
208
315
491
500
73
66
72
412
492
492
312
209
451
316
67
112
222
466
314
72
113
410
130
118
75
121
162
627
160
159
75
76
438
205
161
630
163
171
164
343
602
66
70
205
170
165
338
203
203
204
309
202
202
309
204
204
626
167
202
202
204
204
204
209
210
222
627
438
338
338
410
410
410
342
282
281
348
385
282
309
309
216
451
316
314
466
72
280
571
498
341
343
283
203
203
203
203
281
312
493
73
206
204
72
72
203
1
79
73
108
115
116
122
123
124
169
168
206
208
212
213
221
626
626
626
450
628
269
630
436
263
559
285
288
339
340
346
383
388
386
202
313
317
613
240
467
215
202
206
202
208
450
218
626
68
79
384
317
467
613
473
240
218
117
66
345
215
67
68
68
214
473
629
629
68
68
626
216
215
215
80
347
213
313
436
212
221
70
70
70
76
628
548
205
438
203
73
550
728
410
204
1
1
1
2
1
2
1
2
1
1
1
1
1
727
729
726
728
730
727
2
2
729
730
2
2
2
2
2
2
2
2
2
1
1
1
1
1
1
2
2
66
66
2
2
208
315
2
315
2
77
77
210
86
112
208
75
210
114
82
81
72
214
120
66
66
287
205
205
205
75
438
76
166
78
78
570
1
350
2
82
81
83
119
162
204
204
214
205
728
734
204
736
312
316
466
466
677
612
314
204
221
747
469
469
322
322
320
1
320
745
750
615
319
203
590
748
203
203
203
546
545
757
755
549
387
349
389
390
345
728
579
744
312
751
733
730
731
576
601
737
742
743
746
747
752
754
756
727
314
615
202
202
177
739
746
753
738
741
338
735
737
113
121
136
202
202
203
204
612
316
754
755
736
745
579
730
774
612
160
309
282
220
80
761
630
601
282
1
760
758
775
740
741
163
632
216
286
280
753
115
174
309
560
571
309
222
72
561
281
281
627
293
217
217
338
348
342
385
410
70
70
73
209
410
632
438
221
680
681
682
118
127
125
126
159
161
171
164
170
167
165
175
178
173
172
176
204
209
222
220
627
86
633
677
681
682
680
451
451
72
67
67
98
106
777
107
759
762
204
1
1
749
739
777
776
778
779
732
85
93
73
780
780
781
781
782
783
783
784
785
786
787
788
789
790
791
792
793
794
795
796
797
798
799
800
801
802
803
804
73
88
68
68
68
73
70
76
79
80
84
85
108
87
87
87
168
169
174
341
343
626
626
626
215
215
450
631
206
206
206
202
628
269
629
630
265
635
272
634
683
684
203
685
212
313
467
221
473
240
472
116
622
325
115
663
117
130
122
124
137
128
123
129
138
317
613
617
614
218
208
213
216
214
384
345
383
545
545
550
386
548
388
392
395
396
339
340
346
351
679
782
347
436
436
263
559
285
288
290
292
298
297
622
325
617
317
79
80
83
84
85
68
215
225
221
218
206
216
222
213
212
223
645
450
629
269
272
240
78
73
203
685
684
683
313
663
473
411
614
202
467
472
613
634
215
626
628
208
344
67
631
114
202
70
68
546
70
1
2
2
2
822
1
1
1
1
822
1
1
822
2
2
822
822
822
1
2
1
2
2
2
822
1
1
1
822
2
1
1
1
2
2
2
2
2
822
1
2
1
822
822
822
822
2
822
680
822
467
209
451
822
822
1
467
2
822
161
162
163
172
173
175
176
177
164
165
166
167
170
171
178
160
665
130
615
204
204
312
466
314
316
209
451
78
315
320
469
322
612
319
125
324
665
471
326
474
681
688
680
686
682
687
208
113
312
67
204
688
203
204
204
72
204
208
66
112
314
315
316
320
615
612
324
326
319
680
681
682
687
67
466
471
474
623
77
78
81
82
83
86
686
114
107
183
75
181
184
90
91
94
98
209
221
120
118
119
121
136
126
127
204
571
627
222
438
77
210
76
630
451
202
632
637
633
234
224
81
82
86
312
66
66
205
205
106
107
98
75
75
677
412
223
221
348
203
469
338
410
309
309
73
203
203
214
70
205
338
202
282
348
410
410
281
545
342
309
385
349
389
390
387
281
210
627
438
633
631
216
280
560
637
223
564
139
141
549
286
287
293
570
561
266
562
299
301
563
72
546
205
222
70
632
823
322
88
224
823
823
823
343
78
341
203
72
159
203
208
202
282
204
66
88
93
72
686
687
112
114
113
203
204
282
208
312
90
214
73
348
67
66
338
410
309
202
645
646
234
180
140
106
182
1
1
2
2
822
823
822
823
679
345
384
168
169
215
386
550
436
548
214
436
215
393
263
179
395
685
559
683
285
203
339
221
288
613
290
690
689
292
297
298
240
449
302
300
303
128
137
138
115
129
142
117
145
143
116
124
122
123
347
346
73
353
352
206
626
685
76
79
80
84
85
545
411
89
92
95
96
102
97
450
630
626
68
68
340
351
392
70
70
93
80
394
93
85
87
68
203
202
684
689
690
79
202
81
613
683
67
68
626
68
628
269
634
265
635
272
275
278
273
684
174
629
227
313
317
204
680
325
614
629
208
617
227
663
218
213
616
232
144
448
212
624
216
225
212
68
87
240
626
269
218
663
635
473
644
106
634
622
325
628
612
272
313
217
213
332
467
215
84
265
472
625
208
206
221
626
238
233
626
626
332
217
448
216
473
467
273
472
622
225
612
625
644
232
233
250
214
341
250
396
388
383
185
187
188
193
186
70
669
669
206
667
667
73
204
70
92
631
624
87
108
108
278
202
91
114
450
616
275
89
614
202
130
83
617
680
631
68
68
626
317
803
789
796
802
783
783
160
159
163
161
162
193
188
189
165
166
167
170
171
173
175
176
177
181
182
183
184
180
185
187
281
309
282
281
309
309
282
216
838
280
839
839
838
840
841
842
843
840
840
844
838
838
838
839
839
845
838
839
839
838
840
841
841
842
842
843
843
844
844
845
845
838
839
840
839
841
840
842
841
843
842
844
843
845
844
838
845
840
838
838
838
839
839
840
840
840
840
840
839
839
838
839
839
840
841
842
844
845
843
172
204
204
203
532
186
533
202
204
202
203
841
841
842
842
843
843
844
844
845
845
623
471
286
287
293
294
561
560
563
562
266
299
301
564
565
342
546
545
348
349
549
355
348
463
385
390
389
387
398
399
397
681
682
842
688
687
686
240
692
693
691
312
312
841
841
844
842
842
845
843
843
844
844
840
845
845
845
845
845
844
844
838
843
208
410
312
410
410
338
680
307
338
312
844
843
843
843
842
842
842
841
841
841
841
203
204
204
70
73
73
202
681
680
682
686
688
687
693
691
692
240
315
314
316
209
466
438
210
451
627
214
222
75
76
78
86
81
85
221
631
632
633
224
220
612
322
615
320
469
319
98
106
107
562
564
636
637
646
234
324
326
333
474
90
91
100
857
857
856
850
850
204
851
205
851
850
851
66
72
72
70
66
82
204
88
77
858
858
850
850
146
469
854
114
113
112
204
489
119
120
118
315
314
127
316
126
209
322
136
615
125
320
141
612
324
326
140
139
333
539
148
149
147
466
623
471
474
482
67
73
67
438
854
850
851
851
851
853
853
204
854
855
855
73
854
204
75
77
78
83
86
72
106
107
98
204
204
204
536
537
480
481
205
66
319
205
66
81
82
208
72
666
530
222
210
224
862
211
862
220
221
861
646
861
645
234
451
627
631
632
633
636
637
66
75
81
82
88
94
91
90
99
100
102
164
178
548
362
571
214
205
538
538
570
412
641
239
645
343
72
203
537
480
489
536
481
208
239
95
665
121
802
784
72
66
88
840
238
203
867
203
839
780
567
867
665
677
841
843
842
838
844
845
666
839
841
843
842
845
838
844
203
169
168
174
179
116
117
130
124
123
122
880
137
138
129
142
145
143
144
156
151
339
545
340
384
679
345
546
386
548
550
347
346
392
395
393
394
240
866
351
352
353
364
360
363
403
400
401
840
215
436
214
263
559
221
288
285
436
206
290
297
292
302
300
303
304
289
568
566
298
449
67
68
79
80
76
87
84
85
89
93
92
96
97
101
863
450
628
269
629
272
612
635
265
448
278
275
218
208
216
212
217
233
232
313
473
467
325
472
622
663
624
897
317
613
614
617
667
616
332
669
684
203
683
685
690
694
695
696
206
208
218
215
450
68
626
80
68
626
68
70
202
202
68
626
68
70
79
689
625
84
83
89
70
204
92
93
94
212
313
202
684
683
685
613
221
317
240
614
617
663
325
616
667
669
332
473
467
472
622
624
625
689
690
612
694
695
696
269
628
629
634
272
265
631
635
275
213
216
217
644
232
233
247
865
448
278
273
213
247
273
634
626
306
115
128
95
630
238
239
244
533
238
244
239
882
343
350
225
203
626
204
204
203
530
310
783
882
783
102
383
204
70
388
396
106
626
68
203
868
209
451
78
883
884
243
680
402
868
626
87
781
781
68
871
871
204
896
621
798
786
872
872
869
869
870
870
799
787
132
202
680
114
214
113
160
163
404
322
281
281
141
140
466
315
127
126
136
692
222
119
120
118
167
178
562
563
368
414
349
548
387
389
390
148
149
342
338
338
216
286
208
410
312
202
348
175
202
309
205
66
612
633
560
398
399
471
324
326
83
631
81
565
899
185
159
539
899
186
188
220
689
206
203
697
691
73
67
677
316
130
112
204
203
203
266
636
209
451
210
77
177
369
139
469
355
320
164
173
680
280
463
412
385
147
360
82
307
564
184
91
88
100
102
319
686
67
293
474
224
489
536
645
314
163
204
348
204
204
482
681
162
161
282
282
687
125
172
693
895
165
166
146
631
70
94
85
200
205
632
613
633
636
562
564
637
638
440
238
106
438
451
627
180
106
98
99
637
698
73
397
623
615
214
224
646
70
73
73
66
66
72
72
75
77
86
82
90
88
98
99
100
107
202
202
203
209
210
221
204
72
203
205
204
410
410
204
76
312
78
81
222
204
896
239
121
221
86
203
204
107
176
567
183
181
90
78
688
299
301
234
91
96
220
645
234
205
287
699
170
171
94
193
187
75
438
333
646
682
681
680
312
312
687
688
686
692
691
693
240
698
697
699
208
208
466
315
316
322
319
612
469
471
623
333
482
489
314
320
615
324
326
536
539
665
708
641
242
895
895
895
203
666
66
161
240
895
895
895
895
895
895
175
865
683
896
896
865
897
897
898
898
900
900
901
901
902
902
902
902
902
903
903
903
903
903
899
899
570
405
159
895
182
189
186
188
632
895
895
895
895
895
902
902
902
902
903
903
903
903
906
906
906
906
896
896
897
897
899
899
203
242
571
916
481
538
561
638
665
916
238
639
440
682
907
906
72
309
641
309
917
919
920
906
906
904
906
904
918
904
904
904
683
905
905
905
801
782
800
803
788
789
785
782
708
897
627
72
556
239
917
918
920
919
690
91
83
90
99
98
93
80
85
202
76
87
100
94
75
101
93
84
89
95
96
204
97
66
88
92
173
187
179
82
141
119
189
175
193
915
915
910
910
178
185
169
165
102
81
208
205
212
612
684
696
67
221
168
169
79
174
179
436
214
202
202
83
92
206
66
204
684
621
203
613
215
263
559
288
285
290
297
298
292
689
902
907
906
903
303
895
450
208
354
549
690
628
629
694
269
216
612
695
696
630
634
704
84
240
313
68
93
626
68
68
626
626
626
614
617
663
473
332
80
317
701
87
625
325
695
702
622
703
68
272
703
631
701
702
212
275
448
685
244
304
225
313
473
339
467
89
243
265
317
340
545
325
472
622
663
614
617
616
669
332
625
384
624
679
345
546
289
304
306
247
302
300
449
902
906
903
232
233
865
115
117
116
124
123
122
137
129
128
138
142
145
143
144
156
151
923
922
921
925
346
347
550
450
218
386
250
278
217
273
644
279
223
208
394
395
215
221
221
216
79
213
217
76
630
628
269
392
393
93
89
351
92
866
883
884
352
87
353
364
403
400
85
401
84
80
225
223
232
233
275
97
95
96
101
272
635
265
634
448
278
273
243
279
70
70
97
101
102
95
108
68
921
922
923
925
215
621
376
362
416
68
626
626
644
629
363
68
626
383
388
396
218
402
558
409
551
310
780
784
802
132
95
182
474
566
249
552
85
568
238
885
238
78
451
209
472
880
883
884
250
254
106
694
213
669
624
616
685
467
240
639
868
868
639
870
870
872
872
244
244
863
952
952
667
635
667
704
94
205
210
203
438
451
627
631
221
633
203
208
208
637
562
636
564
867
440
638
639
203
203
315
316
209
76
77
75
81
82
86
466
314
88
91
90
98
99
100
96
202
632
204
204
204
312
312
204
107
917
918
920
919
927
926
928
70
70
73
66
72
238
72
929
214
220
224
646
234
641
884
239
114
214
113
141
140
127
126
136
281
281
119
120
118
148
149
66
286
633
73
67
112
680
66
293
139
209
451
216
280
67
181
570
125
571
205
73
72
72
78
681
682
687
688
686
692
693
691
699
697
698
314
315
316
466
322
309
203
282
204
240
240
204
208
204
204
202
208
312
312
282
612
320
615
319
469
623
161
163
159
160
162
164
203
202
203
165
170
171
166
167
172
173
175
178
176
177
182
183
184
180
210
77
75
438
627
222
81
939
309
221
121
86
193
185
186
187
82
348
677
83
631
560
287
561
632
562
563
266
301
299
565
307
564
567
564
636
637
99
562
94
911
911
912
912
91
88
90
100
98
102
106
107
548
898
898
900
900
901
901
898
916
348
188
867
309
903
906
902
897
897
897
896
896
896
899
899
899
903
474
902
905
905
905
904
906
906
900
906
906
903
903
954
902
901
410
954
954
954
954
954
954
954
954
954
410
410
338
338
385
387
389
390
398
399
397
404
405
406
549
412
463
414
415
342
349
355
360
369
368
556
954
903
440
638
238
639
220
224
645
646
954
954
954
904
904
146
147
130
234
954
954
954
902
902
865
869
239
324
326
333
612
903
903
903
902
902
320
692
324
906
906
906
906
917
326
903
471
987
896
984
897
982
899
481
902
902
680
681
687
686
688
203
691
693
698
697
699
682
705
623
641
896
897
899
322
222
928
929
927
926
920
919
918
981
705
869
474
907
85
984
78
95
333
319
615
469
712
988
536
536
489
489
645
800
632
481
712
781
784
787
798
799
989
915
910
72
538
682
677
202
910
871
869
867
867
783
449
871
871
66
73
204
238
629
568
325
216
279
704
213
617
138
221
221
403
467
288
634
383
232
313
347
921
289
212
95
84
128
625
317
202
202
644
386
243
97
545
345
225
436
402
297
669
275
622
558
300
92
364
694
96
304
388
702
401
703
695
310
409
79
144
298
115
76
218
473
273
122
613
215
68
915
247
68
68
922
626
626
626
269
206
179
244
244
696
208
683
559
156
612
203
871
351
117
448
87
137
303
362
233
624
240
290
223
621
376
80
204
168
393
217
396
339
684
923
395
352
472
292
214
630
392
552
302
174
400
363
628
685
551
116
885
124
272
306
550
701
263
132
285
265
278
332
70
70
340
925
614
129
89
679
101
689
566
151
416
616
145
123
346
384
690
663
353
635
169
546
394
639
93
85
142
238
450
629
108
325
865
448
216
279
102
87
213
617
221
233
624
467
634
626
626
626
626
232
240
313
223
621
80
204
451
206
921
902
217
269
684
923
84
625
317
472
899
202
644
97
68
68
68
68
628
225
685
272
275
622
92
694
701
304
278
702
703
332
695
925
614
79
922
78
101
689
215
218
473
273
616
93
67
690
663
212
250
639
630
669
143
85
83
613
696
208
683
450
612
203
869
905
904
900
901
897
899
896
906
903
902
907
954
954
801
208
954
954
897
899
896
902
903
906
981
990
952
250
641
883
931
933
932
934
930
89
94
265
428
413
635
249
985
952
335
712
715
106
704
706
985
932
930
931
934
933
244
244
243
243
715
880
883
471
243
238
868
408
868
872
872
870
867
706
867
870
325
786
991
780
785
802
800
204
626
626
68
68
707
915
910
911
912
913
406
911
912
913
66
90
210
114
67
66
66
82
282
77
203
81
88
99
73
780
309
203
281
222
67
75
560
637
83
309
646
177
72
438
631
75
72
203
282
451
438
204
224
210
561
865
77
121
73
214
220
91
202
287
645
107
205
211
234
78
570
86
221
202
209
286
647
633
94
100
240
102
281
627
293
239
632
680
164
165
172
173
178
183
182
181
184
193
989
186
187
185
139
299
98
563
691
119
160
162
312
681
161
159
160
180
113
159
238
162
120
163
175
692
564
688
204
918
148
166
216
208
114
309
170
208
171
136
681
565
638
161
312
163
204
917
919
920
927
113
562
686
687
112
926
126
127
204
125
307
266
280
140
571
682
167
176
149
928
301
146
147
118
639
929
141
106
567
410
627
677
315
791
984
326
466
680
896
705
697
320
85
203
410
86
348
906
451
633
631
632
562
637
564
636
440
638
639
238
76
77
78
107
202
73
202
204
615
214
210
209
220
221
224
234
204
203
99
100
95
98
91
90
438
222
96
410
333
471
73
208
203
204
204
203
612
348
316
208
981
205
469
698
623
693
322
699
682
410
324
319
314
203
896
902
906
899
319
320
322
324
326
333
466
954
471
780
780
981
612
615
623
632
225
269
884
917
918
919
920
926
927
928
929
272
312
687
686
688
691
693
240
698
697
699
314
984
705
315
316
645
646
239
250
647
899
896
897
902
898
900
899
897
900
901
692
901
902
902
902
902
903
903
903
903
903
898
896
712
990
489
481
681
469
312
682
204
680
66
66
897
903
782
906
88
75
905
905
905
905
1012
349
1013
1006
346
412
549
463
338
907
907
907
907
904
904
904
904
906
906
782
906
907
954
954
954
954
954
954
954
954
904
353
360
369
1011
464
417
385
387
899
899
954
954
954
954
954
906
906
906
906
903
903
903
903
896
896
902
902
902
897
897
985
954
1003
634
1030
338
905
72
72
67
338
67
897
903
405
82
81
1026
954
902
1027
1028
1027
1028
1026
907
1029
1029
365
372
987
954
988
275
724
802
629
568
1003
247
279
1053
988
677
216
869
871
780
803
704
785
781
213
781
794
204
204
250
112
397
398
404
399
389
406
1032
440
556
431
680
682
138
933
288
634
232
921
289
84
128
202
202
644
243
243
97
212
313
467
625
317
617
706
206
626
626
626
68
782
95
436
297
275
300
92
96
304
931
310
449
991
79
922
144
298
115
76
880
273
122
179
244
208
559
156
203
117
448
87
137
303
233
290
223
80
168
217
923
292
214
630
302
174
628
116
124
272
306
263
132
883
285
265
278
70
70
925
934
930
129
89
101
472
622
240
624
332
621
613
614
684
683
694
696
695
702
701
703
612
85
215
142
244
204
566
639
335
151
145
123
932
93
221
635
169
238
108
102
94
78
83
629
325
448
279
216
704
87
213
617
933
233
624
467
634
626
232
240
313
223
621
80
206
921
706
212
217
684
923
84
625
317
472
630
202
644
243
243
97
68
68
68
628
225
685
269
272
663
616
689
690
143
450
218
204
106
275
622
694
701
304
278
702
703
332
931
695
925
934
930
614
79
922
89
689
215
273
616
932
93
221
690
663
613
244
244
635
696
208
683
612
203
1005
221
636
249
641
992
992
325
474
345
685
679
546
1008
386
390
340
1004
1010
349
1016
376
355
401
409
366
400
545
550
474
395
394
558
434
433
351
413
418
885
1068
1067
218
450
106
85
92
418
1034
406
1085
1086
1085
1086
1049
408
552
551
548
1003
348
1030
410
677
265
626
626
1068
1067
641
1031
1090
96
1090
77
68
68
202
101
204
204
204
915
915
910
910
911
911
912
913
913
204
204
204
70
70
70
798
787
792
993
993
799
995
995
784
795
218
450
92
686
686
222
222
218
450
77
120
119
1029
985
712
623
686
564
114
912
210
91
99
637
214
471
680
114
680
210
627
240
705
438
469
692
451
95
224
100
322
99
234
326
691
214
637
699
1027
471
688
646
320
693
645
315
440
466
86
631
636
85
91
239
316
77
1028
98
314
638
90
647
687
78
489
319
76
697
984
324
250
481
1026
221
107
562
73
312
202
205
73
312
67
920
918
632
990
682
202
919
917
926
928
927
333
929
682
681
209
633
220
222
615
698
612
369
645
680
438
211
250
646
234
224
570
549
1012
397
353
349
463
724
1053
220
865
632
112
1013
387
398
399
405
404
203
203
208
208
203
113
113
680
126
136
127
562
107
205
438
67
112
631
83
90
98
166
180
78
681
221
469
208
338
687
372
315
686
691
693
697
1026
1027
615
623
926
927
681
67
612
987
238
677
677
954
954
954
954
954
902
902
902
903
906
906
906
896
896
899
899
897
897
954
954
954
954
954
954
954
896
896
899
899
897
897
900
900
898
898
901
901
903
903
903
902
902
902
906
906
906
904
904
904
907
907
907
905
905
1011
202
282
417
348
125
73
203
202
73
203
1030
209
312
1029
299
903
307
412
920
451
266
272
216
203
282
905
994
998
66
994
996
997
998
868
1032
1006
1007
1009
351
1035
1037
384
389
390
406
406
408
413
415
431
428
432
1016
1017
364
551
410
410
999
338
346
872
567
140
141
139
146
147
181
183
170
186
175
185
1011
316
286
647
385
322
633
571
699
410
561
149
281
118
162
903
204
159
159
160
160
162
66
338
281
1067
1068
1003
204
999
996
997
870
204
182
171
178
184
187
173
163
163
172
165
164
161
161
193
82
75
75
81
88
121
210
287
280
365
560
100
238
682
682
167
474
314
466
312
312
688
692
698
984
1028
319
320
474
324
326
88
82
81
75
309
309
309
564
176
565
240
928
301
917
440
275
639
222
627
634
638
705
239
106
177
919
293
94
72
204
208
204
333
72
981
204
918
929
102
1139
1107
1105
1106
788
801
781
782
783
794
793
781
782
783
563
650
650
865
66
1070
1071
115
1067
786
148
803
203
66
66
72
72
86
72
204
204
204
67
204
204
312
988
1072
1072
1111
86
238
868
870
872
780
780
789
1070
780
785
1068
1095
1071
204
204
204
1017
1069
1095
1096
1096
1100
1100
1103
1103
121
117
116
124
123
122
137
129
138
1069
142
145
143
144
151
156
168
169
174
179
1036
991
1108
84
97
76
70
70
101
85
89
95
80
93
79
92
96
68
68
68
106
214
1090
221
221
213
217
215
216
223
218
232
238
275
225
883
644
243
243
244
244
238
1097
1097
1101
1101
1099
1099
1098
1098
780
239
450
626
626
630
269
629
265
448
612
922
923
921
925
933
930
931
932
934
933
931
930
932
233
202
202
202
70
635
273
636
278
279
545
1031
1005
340
340
906
906
906
907
907
1004
1004
902
902
902
903
903
903
954
954
954
954
954
897
897
896
896
899
899
1109
546
550
386
394
679
392
393
395
396
401
402
1008
1033
1034
885
345
1038
1039
1009
1009
1010
1010
1014
1015
351
355
302
289
304
285
436
288
303
449
300
559
297
292
263
310
290
566
298
998
998
403
406
723
434
551
1018
1140
987
78
79
80
83
84
87
89
93
94
96
97
101
102
106
108
202
206
212
213
216
217
221
223
225
232
233
240
243
243
244
244
265
269
272
273
275
278
279
304
317
325
332
448
467
472
612
613
614
616
617
621
622
624
625
628
629
630
634
635
644
663
684
689
690
694
695
696
701
702
703
704
706
1085
1086
1090
1165
1165
92
85
240
240
332
325
317
473
473
626
880
612
934
628
922
923
701
1085
921
925
218
621
706
695
694
683
684
206
433
212
898
683
203
685
204
203
70
70
68
68
68
68
450
626
242
1069
1069
1074
1074
1073
1075
1075
215
689
208
208
209
451
238
552
204
117
306
883
242
1163
782
782
313
208
622
786
703
568
704
472
663
624
625
617
614
1086
616
702
1073
613
358
1120
1113
548
626
205
1112
896
896
902
902
896
898
902
896
896
313
685
696
418
896
902
902
902
898
898
1071
1070
1069
1068
1067
1076
1077
1078
172
173
175
178
176
177
181
182
184
185
186
187
1105
1106
193
118
119
120
140
147
149
164
91
160
141
73
338
126
166
170
161
162
160
163
165
78
113
112
112
121
127
159
171
161
139
163
114
114
159
77
77
67
67
83
90
167
86
136
73
94
100
148
183
796
797
926
927
571
280
216
561
570
287
293
563
266
299
565
307
640
451
917
221
281
634
205
645
202
98
250
919
647
238
202
102
641
204
918
920
926
309
564
440
282
203
927
928
929
991
442
637
99
210
210
214
562
438
631
646
234
224
865
632
282
203
204
209
633
560
309
281
639
222
627
638
567
918
919
917
920
928
929
467
87
690
1166
1003
1169
1183
545
1170
1167
1168
471
691
615
469
698
697
208
623
693
612
312
322
699
474
692
240
324
326
319
333
705
320
612
348
348
681
688
682
687
208
312
466
315
316
314
410
410
410
686
680
1165
204
204
1026
208
204
466
315
316
319
469
322
474
333
1029
314
615
1011
346
1035
1037
395
413
414
1041
1042
464
1006
1007
1012
549
623
384
1166
1168
389
390
1171
398
399
405
1085
997
998
208
998
999
999
204
204
993
387
312
312
1003
1003
240
1032
993
994
994
412
992
992
995
995
996
996
997
180
301
125
146
351
404
1030
1079
1036
406
431
432
800
802
781
801
783
798
780
784
787
785
786
794
781
791
792
793
783
795
681
680
688
687
686
692
691
693
698
697
699
705
95
471
333
324
1014
349
369
1016
1017
364
1209
1204
353
682
682
320
66
113
438
239
76
204
72
272
309
107
204
204
220
204
286
82
66
66
75
75
81
88
204
72
162
1206
954
954
954
954
902
902
902
896
897
899
903
903
903
906
906
906
954
954
954
954
954
954
954
954
954
902
902
902
902
902
902
906
906
906
906
904
904
904
904
905
905
905
905
907
907
896
896
897
897
898
898
1213
1213
896
897
899
899
899
906
906
904
904
905
905
1214
1214
1013
408
551
954
954
91
99
67
98
86
77
85
78
73
73
90
338
410
100
645
205
250
646
234
224
220
632
203
647
238
222
637
562
631
636
633
564
440
638
88
94
82
81
75
338
66
67
66
1067
1068
1069
1070
1071
1076
1077
1078
1079
1080
203
451
209
214
107
239
203
66
221
106
72
1211
1211
1210
1210
326
205
73
1029
1040
865
202
438
121
114
112
202
72
66
210
533
532
203
67
72
202
77
78
73
94
281
113
627
868
868
870
870
872
869
869
871
871
867
867
1114
1115
1119
203
1145
1147
1146
1156
872
781
781
799
782
782
782
782
780
780
780
783
783
1080
203
208
205
552
788
1215
203
137
1004
415
1082
1081
1009
1033
1034
116
1008
1083
345
545
550
885
1043
1044
1038
124
143
129
1005
156
1073
433
1074
123
151
340
144
1080
240
1075
142
145
1072
395
1084
1003
117
410
168
117
179
214
115
122
1010
1170
1203
302
987
289
304
1015
1018
355
351
166
221
285
130
679
436
288
394
169
1172
1180
1173
393
386
1181
303
1031
1183
449
370
300
1207
1167
215
559
297
1205
1169
1208
292
401
263
1179
290
558
138
566
306
275
1048
1039
298
921
925
922
923
930
933
934
932
931
683
684
203
685
689
613
690
694
612
695
696
701
702
703
704
706
204
204
202
206
212
313
473
467
325
472
622
663
625
624
332
317
614
617
616
1212
1165
1086
1129
68
450
628
93
76
629
635
265
273
278
636
244
279
243
954
902
906
907
92
80
87
84
85
89
95
96
97
101
217
223
644
225
232
233
448
954
954
902
903
906
896
899
897
906
902
954
954
896
897
903
903
907
899
388
269
630
174
83
1090
70
70
213
215
272
79
216
238
108
102
634
106
880
132
568
275
992
992
216
238
239
1090
218
1142
208
68
67
79
626
244
363
406
551
402
218
474
623
70
70
202
396
432
552
408
68
68
68
68
80
87
84
89
90
93
92
97
96
101
100
107
206
206
208
202
212
313
313
204
613
240
317
221
325
614
617
663
616
332
473
467
472
622
625
624
203
683
685
684
690
694
612
696
695
702
701
703
704
706
215
450
626
626
626
626
628
629
269
630
265
635
448
278
273
275
304
639
243
279
225
223
644
232
233
244
244
865
1117
1110
1118
1116
1121
213
217
921
925
922
923
930
933
934
932
931
1149
1151
1153
1157
1159
313
1165
1212
1086
1142
1129
548
409
1072
1073
1074
1075
1081
1082
1083
1080
1084
621
689
621
641
221
116
243
310
1215
641
1067
1068
1069
1070
1071
1076
1077
1078
1079
202
202
205
204
204
204
210
210
438
627
451
631
633
272
634
632
221
637
564
440
638
639
238
281
281
309
309
282
280
203
203
283
294
286
268
293
287
266
299
301
222
209
224
220
645
646
234
250
240
647
114
114
113
113
112
112
119
120
121
118
127
126
136
125
141
139
140
148
149
147
146
562
159
160
160
161
161
162
162
163
164
165
166
167
170
171
172
173
175
176
177
163
178
180
181
182
183
184
185
216
204
204
682
680
681
686
687
688
312
312
691
693
692
699
697
698
705
706
208
208
466
315
316
612
319
469
322
623
471
474
1211
333
1029
621
1131
1128
1130
239
159
186
187
193
307
991
314
320
615
1210
324
326